 0 0.153185333217 0.151999398084 0.159259352310 0.145162713369 0.162850132658 0.158339930500 0.163524161861 0.161842919673 0.145284925514 0.156051039175 0.151663397891 0.154204623724 0.199217480275 0.176606491570 0.182085779618 0.179627049207 0.174817577473 0.185748719213 0.190477458301 0.178126315664 0.189955775904 0.187658837476 0.177723070260 0.185449663016 0.184626522466 0.182929841954 0.176293806965 0.190579219343 0.193245799054 0.196422425469 0.191363155321 0.195745212374 0.194129323433 0.201060454384 0.197013545769 0.197630511990 0.192256428460 0.204684258648 0.195279686816 0.199205075981 0.201451916478 0.200293575816 0.199480049423 0.202995698314 0.197761431650 0.196918294808 0.199556743823 0.535975088746 0.531957278361 0.532181826005 0.540085116875 0.536825273443 0.530490443759 0.531305688130 0.532021807243 0.534199898498 0.535270803958 0.314442829542 0.319973570831 0.302567410885 0.301469225804 0.302216004948 0.302021824366 0.303892338481 0.322580677768 0.507371473507 0.499772663983 0.506434221340 0.501957050984 0.500347994757 0.495562168962 0.503499731195 0.508969094977 0.497708279584 0.496665369267 0.523527266604 0.524794131728 0.526486621658 0.526909066581 0.525107821597 0.526347200993 0.532188073397 0.523649260093 0.519584004108 0.518681271225 0.523421710267 0.513335582975 0.520346060186 0.521467082978 0.525529760580 0.519018730414 0.523147794543 0.520748928208 0.530906181800 0.506608584805 0.509598179668 0.511572523181 0.495977833270 0.512488089083 0.508970673333 0.494244151419 0.507274028582 0.508738290506 0.505778475470 0.506834004254 0.504300068491 0.503768839030 0.503886921907 0.505143858186 0.497736594328 0.509392377040 0.507012038218 0.503629021983 0.503535703199 0.498733564639 0.505324448214 0.506644810591 0.498451214760 0.508226385320 0.502232156167 0.499704487790 0.179688835149 0.177177954308 0.176463174471 0.183987576488 0.184504362682 0.176926320807 0.504566538395 0.507397414563 0.507127999897 0.510115875431 0.506333033773 0.508070906792 0.504077349702 0.506376817766 0.503837855894 0.505932940524 0.504317912360 0.503735631524 0.503398035062 0.503958562992 0.511200125646 0.508611907359 0.506832691419 0.509986149193 0.144751978681 0.152001340351 0.189032856988 0.503582575423
 0.153185333217 0 0.155728235494 0.155766841161 0.151983102146 0.163674378180 0.138293324449 0.168190028017 0.164509694139 0.153167670374 0.163162881249 0.158798974314 0.159757893848 0.201054085301 0.182111685834 0.185528606077 0.183356816528 0.180345365556 0.190529105574 0.192248765871 0.181332981639 0.192559456451 0.190763337613 0.182354589965 0.188051010556 0.189153050832 0.185265627718 0.180475423529 0.192123143421 0.194874340168 0.200146494582 0.196046998152 0.200461509129 0.198349039167 0.204265598466 0.199275345521 0.201383572403 0.197112089678 0.207195243329 0.197975457821 0.203594721851 0.204458335108 0.203886684611 0.202808809035 0.204739229687 0.202188586671 0.201178872305 0.202282515671 0.535808578293 0.530936751271 0.531595378143 0.538852726628 0.535643090433 0.530164246380 0.530938127605 0.531198903812 0.533728065477 0.534972159733 0.312543735943 0.318104370826 0.302538308655 0.301288239981 0.302928608249 0.302586396845 0.303931519810 0.320638258496 0.504716296619 0.498263996812 0.504198394847 0.499841540983 0.498529986971 0.494111234738 0.499891448187 0.505810328241 0.494832937184 0.494108629648 0.519626427244 0.520625622928 0.521779786885 0.523517556203 0.521024119906 0.522650602074 0.528309719937 0.519836132368 0.516330704169 0.516063144616 0.520411566377 0.510160977651 0.516128569093 0.517380761401 0.520425963029 0.513708765228 0.520051980699 0.516502490562 0.526843407190 0.502836096037 0.506518625376 0.508131838041 0.492745791682 0.508636191994 0.505357146185 0.490971600106 0.504073785970 0.504745219026 0.503133423654 0.503711693861 0.500303371440 0.500611099225 0.500583306722 0.501644172984 0.494383741814 0.505367359077 0.503148829088 0.500150613365 0.500496502201 0.495872110858 0.501799686033 0.502415398304 0.494954555810 0.504610177214 0.498583078943 0.496367163540 0.184373172181 0.181937920521 0.180989672231 0.189103319141 0.188238244653 0.181675575046 0.504208198645 0.507532355042 0.507101740050 0.509177378392 0.506254301191 0.508287193059 0.502969696715 0.505790154710 0.502894579167 0.504919093307 0.502925584099 0.503277880953 0.502233724951 0.503040328698 0.509699287546 0.507716371317 0.506109535945 0.509224849740 0.152955814667 0.156770411251 0.191989652600 0.500394125533
 0.151999398084 0.155728235494 0 0.153893472586 0.153150505094 0.158532239323 0.163606327280 0.160637826315 0.157305272648 0.150895785441 0.165142169166 0.160159582938 0.159343369285 0.187518573689 0.184691972620 0.178877346330 0.177147836771 0.182455998649 0.193573390171 0.187657061533 0.175713145729 0.177976335106 0.185303044912 0.184674715218 0.183031406102 0.182625789765 0.179287242789 0.173085757847 0.197651003154 0.199963604571 0.203212617090 0.199756569375 0.203607308153 0.202317425757 0.199602011227 0.194479416038 0.204198679684 0.199179256123 0.202558036967 0.202191989299 0.206305654590 0.200284281891 0.198638491348 0.198092043037 0.199288215192 0.204466976938 0.204619782986 0.195803269154 0.536226470238 0.529876691986 0.532088806261 0.535726342307 0.532351660516 0.530768780125 0.531635144786 0.527997096985 0.532384337041 0.535153126554 0.321206038982 0.326944932112 0.309879424617 0.308747968782 0.309834147922 0.309930753701 0.311391124763 0.329919090282 0.501421246966 0.496413046728 0.500259700277 0.496492025184 0.496750590005 0.492393753525 0.496684058343 0.502654771427 0.493757118909 0.493162555656 0.522048223738 0.523349599217 0.519814662192 0.525820397116 0.523618506768 0.525021919082 0.530952524554 0.522004193382 0.517898767630 0.518059566953 0.522781368603 0.509644235286 0.516376757318 0.515096005612 0.518690556307 0.514877760678 0.522193644430 0.516622591091 0.524630938231 0.500064541232 0.503974210615 0.505173677146 0.492093454015 0.506787536657 0.505261987182 0.490432893935 0.503779798263 0.502047380249 0.505247328775 0.503219158309 0.497736652634 0.497349245215 0.497844579322 0.498534309416 0.493962536553 0.502863642434 0.505769530495 0.499352532267 0.502664169643 0.495146223459 0.499528282557 0.502627549180 0.494512600065 0.501674044176 0.496195785932 0.495575920984 0.187175897737 0.184497806064 0.184078282649 0.192462254660 0.181892990857 0.184608543987 0.504190420818 0.507190156854 0.507254101169 0.505357492271 0.506086202186 0.508418534728 0.501306290822 0.503693261859 0.501282032924 0.502872660176 0.501173807772 0.501260232634 0.500618962446 0.501168951757 0.505997153237 0.506023490900 0.504306050182 0.509177337981 0.153126425344 0.158361843046 0.186652483814 0.499676116015
 0.159259352310 0.155766841161 0.153893472586 0 0.157880179775 0.163382109927 0.162703263764 0.165638994515 0.162826321254 0.159736350111 0.170798605387 0.166041431620 0.166500876816 0.193847607062 0.190094763557 0.186132187880 0.183117489561 0.189009382223 0.198790838902 0.192802469458 0.181515425902 0.185190413035 0.190575540312 0.190776091379 0.188620925218 0.189085004912 0.186537607094 0.180646500508 0.201919208392 0.205082496438 0.208973673718 0.203985589987 0.209406888007 0.206811965523 0.204409302149 0.199604129020 0.209824582104 0.205830278477 0.209075926636 0.207441410382 0.212027819996 0.206196199122 0.203741404133 0.203426432680 0.204466047564 0.210917718999 0.209964738361 0.201633452419 0.538884728135 0.532303462529 0.535145123166 0.538314393146 0.535377166453 0.533649228252 0.534265221079 0.530819358475 0.535104087893 0.537588070006 0.322619564534 0.328970379701 0.311695490130 0.310804344127 0.312295888255 0.312617757919 0.313419619225 0.331240368654 0.504015370188 0.498989261611 0.503590054209 0.499008086377 0.499570346883 0.495256800521 0.499161450509 0.505494373875 0.496634198044 0.495839905870 0.524359590538 0.525629525453 0.522023850909 0.528085514734 0.525929596971 0.527347315969 0.533130178060 0.524108390407 0.520923870020 0.520148751173 0.524808915489 0.512176348242 0.518276750206 0.517777190306 0.520777827773 0.516155740648 0.524998423689 0.518953693673 0.527036658226 0.502945742522 0.506689697917 0.508185088477 0.494643938368 0.508867229588 0.507442286395 0.493102746845 0.506219596113 0.504716994385 0.507722308892 0.505418413783 0.500483163330 0.500587171696 0.500428637649 0.501099090033 0.496588978428 0.505049787807 0.507837488900 0.501893237577 0.505046163843 0.497892480202 0.501715593011 0.504528695489 0.497307540894 0.504230763460 0.498391502926 0.498355411898 0.192856193654 0.191290776456 0.190262250694 0.197483057230 0.188355469240 0.190553120724 0.507522519980 0.510515299839 0.510514934495 0.508854449730 0.509212584211 0.511377962977 0.504502059754 0.507274008976 0.504409423885 0.506259594883 0.504449155113 0.504728751640 0.503861830255 0.504295344457 0.509448448872 0.509002025386 0.507089649536 0.512080364971 0.159132863713 0.165059611319 0.192607396660 0.502475655431
 0.145162713369 0.151983102146 0.153150505094 0.157880179775 0 0.162537558339 0.158000656639 0.163786311590 0.160213501578 0.146517122068 0.157979700780 0.150266289673 0.153726357816 0.198516865791 0.178010868575 0.183465365356 0.181026125443 0.176426543064 0.184971828495 0.189503522721 0.179490666133 0.191670443278 0.187712543681 0.177324995699 0.186762012861 0.185884209024 0.182626514784 0.177681493877 0.191936300681 0.194991842211 0.196422536003 0.193346496775 0.197776934593 0.196239294607 0.202708089486 0.198591093865 0.199394979160 0.193465134196 0.204762674077 0.196860216522 0.199919299770 0.203148902533 0.202909576996 0.201920597024 0.204786048392 0.197394495192 0.199332422022 0.202082918575 0.537000636887 0.532555157698 0.532822874328 0.540563468185 0.537504954894 0.531534690478 0.531844223664 0.533004699821 0.534980368697 0.535710497516 0.314297784271 0.319869962817 0.302019688674 0.300677931135 0.301723331130 0.301863543989 0.303453851032 0.322670958372 0.507019239960 0.500311419581 0.506571054891 0.502141923486 0.500452889902 0.496056089891 0.503198926162 0.508411154134 0.497057413366 0.496633724071 0.524025320198 0.525502519244 0.526832436299 0.528084668969 0.526018072278 0.527773680080 0.533228809826 0.524459688844 0.520564420144 0.519009552801 0.524332466451 0.513449003608 0.520816184911 0.522289097152 0.526004671454 0.519246976504 0.524176742328 0.521403887470 0.531909629558 0.506576070519 0.510339590482 0.511600816671 0.496276039225 0.513481420378 0.509196861431 0.494151003598 0.507731222754 0.508774177791 0.506251850523 0.506525064670 0.504257149297 0.504141475796 0.504233078832 0.505216847130 0.498132065201 0.509352870586 0.506719006619 0.503401856690 0.503252128775 0.499142066760 0.505405304444 0.506434922101 0.498083126485 0.508605484462 0.502144614043 0.499807065723 0.181238095896 0.179470805900 0.177585409018 0.186407262523 0.185565142674 0.178673413812 0.505138071119 0.508085496008 0.507791725032 0.510681137538 0.506639711292 0.508755569084 0.504574951119 0.506445143062 0.504294835047 0.506252542747 0.504480803078 0.504693313796 0.503717226592 0.504204216119 0.511634448053 0.508748903760 0.507200721731 0.510394663341 0.145751572821 0.145959824497 0.190848349510 0.503823268130
 0.162850132658 0.163674378180 0.158532239323 0.163382109927 0.162537558339 0 0.171342950403 0.170006523069 0.165853263756 0.163116682619 0.173708510442 0.168898184072 0.171231899667 0.193317256936 0.190399711143 0.186744353649 0.184103372664 0.189535873837 0.198285686233 0.193492886049 0.182767225375 0.185291388262 0.190900574835 0.191249271406 0.189194467968 0.189086307604 0.186975380481 0.180517754911 0.202783383451 0.204600438109 0.208877115416 0.204199743737 0.208935525107 0.207084503707 0.204326450565 0.199727325487 0.210601610606 0.204860892191 0.207420079723 0.207675757782 0.212303290415 0.205163027511 0.203012505942 0.201937526848 0.204898720231 0.210584764601 0.209569275004 0.201470153709 0.544678778477 0.537975534612 0.540562598697 0.543933740215 0.540924235415 0.539285800424 0.539371506122 0.536208904348 0.540657979480 0.543502893158 0.326507684345 0.331938122891 0.316356710440 0.315415589060 0.316644596707 0.316657914903 0.317298228473 0.334793018111 0.510198502543 0.505883953297 0.509358107247 0.504695362360 0.505766193439 0.501492938685 0.505823354815 0.511767291727 0.502790048152 0.502006513440 0.529553200896 0.530333709701 0.527295794900 0.532971945693 0.530984286237 0.531917461254 0.537346176908 0.529845399166 0.525780643025 0.525353712110 0.529362080734 0.517843285899 0.523690605323 0.522053048097 0.526248872524 0.522009789452 0.529758531312 0.524018872879 0.531810440798 0.507872990917 0.511785198395 0.513548963035 0.500528436937 0.514096942511 0.513138259972 0.498986269043 0.511476577438 0.510064300615 0.513205011298 0.511034151378 0.505936368582 0.505638299420 0.506229986426 0.507424734122 0.502668011980 0.510904467645 0.513594128605 0.507959897703 0.510961620421 0.503960279602 0.507536670155 0.510202540191 0.502959679046 0.509951291742 0.504221875538 0.504018665046 0.193242453895 0.191199348274 0.191046805369 0.197935197131 0.188063569990 0.191786297344 0.513617805113 0.517117914813 0.516392980663 0.515013316331 0.515646799847 0.517508247294 0.510995484324 0.513080696400 0.510467700550 0.512691395018 0.510937065225 0.510428984943 0.510226778523 0.510461886540 0.515786038478 0.515031773715 0.513439985042 0.519036046695 0.163609046302 0.168301628860 0.192409381785 0.508334386131
 0.158339930500 0.138293324449 0.163606327280 0.162703263764 0.158000656639 0.171342950403 0 0.173432021591 0.171435708663 0.158766878595 0.169703163882 0.164531999884 0.164943936160 0.209605593630 0.188577354748 0.193024871721 0.190393135420 0.186862189246 0.197290341761 0.199439141855 0.188430526733 0.201277033023 0.197490276719 0.188883824794 0.195023938282 0.196114858746 0.192782134904 0.187156596131 0.199279002506 0.201518111798 0.207376209011 0.202538152497 0.207749816866 0.205228058440 0.211847716862 0.206798252808 0.208212053214 0.203836632677 0.215213485863 0.205160890898 0.210843016557 0.212706838305 0.211308743207 0.210237366805 0.212339741711 0.209548335342 0.207703626326 0.209950225482 0.543912731300 0.539510820986 0.539806284073 0.547476469411 0.544132327483 0.538479348561 0.539179920205 0.539646722575 0.542162325734 0.542433650782 0.322888932248 0.329089071380 0.312132459064 0.310689084559 0.312622419539 0.312499906130 0.313402161165 0.331389657789 0.513913205924 0.507120184678 0.513717843016 0.509232899862 0.507400984912 0.503102446731 0.509266691752 0.515256714050 0.504202763754 0.503073627702 0.529544789636 0.530349540442 0.531902319603 0.533140819248 0.531100908537 0.532574828991 0.538504718570 0.529770093553 0.526085869206 0.525214522779 0.529768010796 0.519684828772 0.525702214957 0.527536637774 0.530407513240 0.523760546088 0.529659024489 0.526684993083 0.537162558117 0.512864335600 0.516211704204 0.517826650027 0.501912858760 0.518123115137 0.514694449863 0.500270938708 0.513593448538 0.514742966626 0.512629953573 0.512888982102 0.510238217761 0.510025832114 0.510379667677 0.511382882083 0.504195241544 0.515210065005 0.512723972420 0.509525561041 0.510151387046 0.505502651377 0.511796937983 0.512363388331 0.504926762319 0.514277882342 0.508007201345 0.505786219556 0.190101822728 0.188579346599 0.187880721879 0.195594565707 0.195732015174 0.188538526069 0.512350671030 0.515659092650 0.515049235123 0.517696981387 0.514218313146 0.516269015010 0.511595663218 0.513925094480 0.511410937478 0.513249335987 0.511259842593 0.511545395267 0.510665111623 0.511346568772 0.518251268967 0.515975276670 0.514257408885 0.517121964004 0.157960253698 0.162860364269 0.199203151445 0.510155183122
 0.163524161861 0.168190028017 0.160637826315 0.165638994515 0.163786311590 0.170006523069 0.173432021591 0 0.167642919222 0.162564247163 0.174261561345 0.168498097328 0.170573865920 0.198626424741 0.192778533332 0.191257231521 0.186956112516 0.192552436081 0.200179513362 0.197894257928 0.186166216343 0.189942026571 0.194208620755 0.193865463690 0.191659708097 0.191660875145 0.191259852494 0.184695378514 0.204304148021 0.205564053290 0.210939664549 0.205520099419 0.210884805909 0.209780226470 0.208295972756 0.202891206801 0.212907362240 0.207329813112 0.211091193594 0.208928601078 0.214502691911 0.208488613327 0.207171483251 0.205276159156 0.207682972877 0.213153645841 0.212366779185 0.205648209096 0.547643654190 0.541150987475 0.544002227257 0.547407629067 0.544597940774 0.542480520789 0.543151948186 0.539961653287 0.544117622618 0.546813767670 0.330043689417 0.335580894249 0.320936724251 0.319528222128 0.320960488632 0.321075624356 0.321793016150 0.337909067349 0.513735992339 0.509919421017 0.512914127549 0.509030184018 0.509709062428 0.505037828570 0.509832696230 0.515620548085 0.506642610641 0.505651680465 0.532739496765 0.534336434615 0.531354487106 0.536362036156 0.534956082329 0.535809707338 0.541005382016 0.532718273387 0.529619520222 0.528497708813 0.532477447698 0.520672492885 0.526890414579 0.525926751849 0.529263454788 0.525220412653 0.532807260694 0.526817899774 0.535214583076 0.511636851780 0.515250537384 0.516922968323 0.504319259215 0.517697012743 0.516506060836 0.502528290751 0.515072694192 0.513336298276 0.517016593417 0.514292705968 0.509503679645 0.509213502722 0.509941039871 0.511049740800 0.506356909616 0.514768421402 0.516919938444 0.511681187357 0.514312020061 0.507613275029 0.511142478110 0.513764102056 0.506379300857 0.513469220185 0.507596191781 0.507776317110 0.196337452984 0.194365313564 0.192513161713 0.200844417910 0.191179983280 0.194325597445 0.517415085728 0.521073211105 0.519742908179 0.518791692244 0.519155032639 0.520789438351 0.514818946038 0.516603317703 0.514596415640 0.516538947248 0.514343673448 0.514737563070 0.513708521304 0.514069512126 0.519647667508 0.518747770441 0.517047011038 0.522531303426 0.162864809751 0.170249938620 0.195325467420 0.511792582927
 0.161842919673 0.164509694139 0.157305272648 0.162826321254 0.160213501578 0.165853263756 0.171435708663 0.167642919222 0 0.160292804856 0.173042316935 0.164550521703 0.167917245872 0.191162082150 0.188851538876 0.185591215636 0.182333758619 0.187652838079 0.196129175858 0.189960521715 0.180064255071 0.183056848129 0.186967230680 0.188241349808 0.187630227166 0.187338742115 0.183219963473 0.178121116983 0.201045471446 0.202371623337 0.206358488723 0.203576824127 0.206524546967 0.205895352217 0.202746127502 0.198557023229 0.208849240027 0.203442026035 0.205233757925 0.205589960432 0.208598995286 0.204373324903 0.201542221218 0.201354461962 0.203635345949 0.206561307038 0.208784257661 0.201309684801 0.539375459517 0.533069225577 0.535431272083 0.538934431504 0.535977493796 0.534416225347 0.534854544979 0.531279342585 0.535469156039 0.538383153035 0.321833091002 0.327778484223 0.310988824268 0.309820748228 0.311567182230 0.311194064728 0.311945928809 0.329891056664 0.505261765146 0.501175383368 0.504486778979 0.500306333000 0.500804922567 0.496952794332 0.500916054594 0.506740118427 0.497736147515 0.497017579784 0.526117962766 0.527189985123 0.523818352478 0.529512170780 0.527579319459 0.529310188088 0.534338329427 0.525930029304 0.522391759405 0.521272386486 0.525607562073 0.512917178624 0.519436108201 0.518576568465 0.521498969068 0.517977278578 0.525768281271 0.520353953473 0.527941072381 0.503790495413 0.507582818641 0.509247178474 0.495873402505 0.510148392568 0.508521927095 0.494301142553 0.506987273845 0.505924480017 0.508958552133 0.506546452335 0.501244175607 0.501074507376 0.501542596948 0.502299409388 0.498288208650 0.506382310737 0.509370461223 0.503130942364 0.506175556145 0.498976851408 0.503036217488 0.506249180135 0.498114448117 0.505426137252 0.499459131634 0.499512126737 0.192064902001 0.189196998501 0.188817506804 0.197522103168 0.186719409979 0.189960211716 0.508630808743 0.511957703169 0.510951403307 0.509300780485 0.510227163469 0.512395072566 0.505820363484 0.507720341870 0.505507659037 0.507340804692 0.505413608823 0.505635035520 0.504766076099 0.505277032583 0.510532621303 0.509840647300 0.508481677922 0.513465791105 0.160698767881 0.160545336224 0.191431810880 0.503508467686
 0.145284925514 0.153167670374 0.150895785441 0.159736350111 0.146517122068 0.163116682619 0.158766878595 0.162564247163 0.160292804856 0 0.157913790834 0.153014564686 0.154760569488 0.201386940628 0.178833239656 0.183965842963 0.181526018864 0.177135142849 0.187028907092 0.190170363717 0.178992769076 0.190838552024 0.189286421194 0.179034590570 0.186402411096 0.186817519626 0.183211703278 0.177779307496 0.190523440913 0.192726379613 0.198450292398 0.194310949152 0.197455571882 0.196206591215 0.203132032760 0.198248829793 0.199293288792 0.193838127565 0.206214258360 0.195966993462 0.201340053025 0.202839962060 0.202527281898 0.201127685587 0.204111714364 0.199469692070 0.199302019008 0.201077222410 0.539201320659 0.534965565042 0.535008403115 0.543244716574 0.539894356807 0.533635301560 0.534420851478 0.535203743311 0.537437864559 0.538172584603 0.316425621172 0.322281020405 0.305698232177 0.304999370597 0.305881648213 0.306039162294 0.307855906805 0.324932058929 0.509738701326 0.502803560215 0.509027972110 0.504886435550 0.502642732550 0.498823275665 0.505635778648 0.511279990470 0.499646205889 0.499067523678 0.525253705769 0.526872025005 0.528922193437 0.528934208023 0.526893156792 0.528355025324 0.533803861748 0.525181033406 0.521610054157 0.521288102669 0.525846436645 0.515416144058 0.521806660583 0.523120174613 0.526854424783 0.520382806355 0.525362111911 0.522475905094 0.533201653743 0.508458754066 0.511769400023 0.513815977790 0.497759421786 0.514990254713 0.511077746498 0.495702863091 0.509488120358 0.510463744743 0.508377942328 0.508716220416 0.506049645250 0.505599270617 0.505999714572 0.507333450977 0.499877246007 0.511015597823 0.508924259174 0.505481452760 0.505441331960 0.500782086414 0.507623351420 0.508410226347 0.499894773828 0.510406011561 0.504288619846 0.501822619792 0.181830639854 0.178804062762 0.177948495173 0.187028189379 0.185832322410 0.179577375936 0.507300480291 0.510197698363 0.509941695252 0.512825446599 0.508992991041 0.510886958667 0.506562207573 0.509091574525 0.506375696205 0.508391450359 0.506414901953 0.506497819342 0.505852878905 0.506446783240 0.513599248374 0.510926049546 0.509208492335 0.512364203746 0.144366909943 0.151815596613 0.190166163479 0.505329320914
 0.156051039175 0.163162881249 0.165142169166 0.170798605387 0.157979700780 0.173708510442 0.169703163882 0.174261561345 0.173042316935 0.157913790834 0 0.163642332731 0.164220996935 0.208213709283 0.185915136746 0.191673675120 0.189748403050 0.184013371516 0.194487885360 0.199641647503 0.187527703693 0.199848548274 0.196568173444 0.185965459891 0.194269583801 0.194052435344 0.191659617479 0.185366807104 0.197962656886 0.200214524568 0.203934653617 0.199858374831 0.203433162061 0.201677363170 0.208733711934 0.203831658846 0.205481234502 0.200021601420 0.211188578344 0.203022636064 0.206462242294 0.207995525265 0.207983644702 0.207459022064 0.210217182994 0.205016721618 0.204615978183 0.207062002428 0.547942074415 0.544092559532 0.544309922904 0.552080926634 0.548581594803 0.542727289432 0.543541126213 0.544207352053 0.546224466325 0.547263949820 0.323870475476 0.329146797029 0.313519427565 0.312348794649 0.313345942881 0.313569642746 0.315010686321 0.331777487487 0.519302011362 0.511714538909 0.518227484133 0.514072778540 0.512322448517 0.507899571521 0.515172287076 0.520602110550 0.509125323432 0.508249979941 0.532832902620 0.535035059163 0.536489198331 0.535973908156 0.534808101260 0.535854033833 0.541459687934 0.533292621980 0.529592646429 0.528609193265 0.533652462815 0.524144806971 0.529588284833 0.531026759929 0.535429828071 0.528713673128 0.532825261038 0.529850788517 0.540466888233 0.517388284238 0.520873855710 0.522250888874 0.506978632314 0.523678931342 0.519762250651 0.506027674718 0.518311585713 0.519253004234 0.516692905873 0.517912994297 0.515596497629 0.515064123674 0.515559327115 0.516453037204 0.509108658580 0.520623820088 0.517400175628 0.514941741992 0.514726288308 0.510502806416 0.516786776454 0.517611349252 0.509765366268 0.519730595747 0.513826431557 0.511115911276 0.188239823739 0.186995267972 0.186189110079 0.193391192561 0.193919356844 0.187041008918 0.517632343238 0.520983094284 0.520501159866 0.523285390513 0.519611167308 0.521318883773 0.517197912153 0.519344652766 0.517127445486 0.519048325215 0.516910805321 0.517066884705 0.516302913685 0.516640598808 0.524568718482 0.521492215203 0.519786692639 0.522895675148 0.158066421874 0.161740035075 0.197442731561 0.514360298510
 0.151663397891 0.158798974314 0.160159582938 0.166041431620 0.150266289673 0.168898184072 0.164531999884 0.168498097328 0.164550521703 0.153014564686 0.163642332731 0 0.159591727551 0.203560295164 0.181438946652 0.187351107349 0.185420167371 0.181304280843 0.188079048571 0.192949009508 0.183360457095 0.195220313736 0.190319070225 0.180737429921 0.190104436804 0.189635377930 0.186146326302 0.181955910828 0.194085866064 0.196014285247 0.199440501792 0.196384559533 0.200306569441 0.199680379136 0.205863962262 0.201158326810 0.203314599982 0.197463477803 0.207658073493 0.198861407206 0.203036048734 0.206083768435 0.205659826800 0.203881826601 0.206788467342 0.200998277109 0.202263065184 0.204971847896 0.540183437817 0.535988373984 0.536141386708 0.544245010926 0.540612051057 0.534657252843 0.535734983275 0.536621367511 0.538679734185 0.539176572721 0.317208177336 0.322486108188 0.306192557056 0.305255930755 0.306514530353 0.306304189896 0.308399048249 0.324517926434 0.511730904274 0.505330991767 0.510890334589 0.506584458667 0.504847711228 0.500895185794 0.507948806767 0.513271529581 0.501630316541 0.500953286829 0.527633309101 0.528560906028 0.530145944303 0.530378754358 0.529042123346 0.530060608865 0.534838116695 0.527529594164 0.523768490527 0.522044285824 0.526365091856 0.516798830228 0.523078307872 0.524856938979 0.528039588231 0.522013450354 0.526349556256 0.523922564388 0.534652172294 0.509758903122 0.513456017639 0.514930658696 0.499702213827 0.515918202386 0.512157259366 0.497793735801 0.510802382099 0.511925670563 0.510015858287 0.510344531662 0.507533858876 0.507321229147 0.507697486968 0.509253992117 0.501925704083 0.513146640864 0.510283447682 0.507288926483 0.506801455789 0.502626723852 0.508883280350 0.510062110995 0.501548747711 0.511769110788 0.505878828900 0.503151222276 0.186194263700 0.183228161261 0.182423951514 0.190086087650 0.190062212056 0.183625572880 0.509535563899 0.513089902366 0.512141755427 0.515037805596 0.511124109366 0.513009385657 0.508931152682 0.510929086090 0.509069144911 0.511203918243 0.508898338307 0.508969500839 0.508030866148 0.508692527708 0.516101562172 0.513136094784 0.511619213038 0.514723022657 0.152175216332 0.153019604697 0.194160530171 0.507589732059
 0.154204623724 0.159757893848 0.159343369285 0.166500876816 0.153726357816 0.171231899667 0.164943936160 0.170573865920 0.167917245872 0.154760569488 0.164220996935 0.159591727551 0 0.205850071213 0.182869673021 0.188947708975 0.185673448151 0.181710573028 0.191947930414 0.195562360411 0.184122566199 0.197633695633 0.193589946261 0.184215552530 0.190229519401 0.190578068392 0.188961448151 0.181820910601 0.195533867294 0.196286951513 0.201976174471 0.197649289042 0.202045615368 0.200091366957 0.207672112281 0.202698223517 0.202873524509 0.197626195472 0.210707759644 0.200871077270 0.205007831381 0.208095566505 0.206576920103 0.204938123120 0.207989034585 0.203109905704 0.203419356538 0.205864627581 0.544481816699 0.540361130331 0.540576059948 0.548514493527 0.545289572781 0.539204354527 0.539829974811 0.540535367647 0.542839597056 0.543391192358 0.320501657562 0.326595180601 0.309162396565 0.307900560210 0.309030150429 0.309047317939 0.310736068727 0.328758217112 0.515193325940 0.507827594582 0.514466649721 0.510110597059 0.507933165026 0.503995080577 0.510789980261 0.516469584188 0.505222100585 0.503950643698 0.531036503768 0.532035997920 0.533827002350 0.534798234002 0.532683868039 0.534208690065 0.540008692854 0.530908595842 0.527413369104 0.526679534919 0.531065364148 0.520545432858 0.527096944251 0.529081901133 0.532150561204 0.525649892442 0.530563158526 0.528005869798 0.538311363426 0.513782056264 0.517291711644 0.519587960575 0.503390790015 0.519911690284 0.516490893520 0.501781756837 0.514934599994 0.516043564242 0.513449065288 0.514156107434 0.511795407049 0.511453998967 0.512049498207 0.512611530219 0.505629175013 0.516926210156 0.513872848625 0.511223436288 0.510642272729 0.506513053537 0.513178565934 0.513827507827 0.505719596264 0.516022085352 0.509951882965 0.507346982685 0.185254917807 0.183946127263 0.183198912568 0.190920898689 0.189603355212 0.183743105982 0.513779811674 0.516856294468 0.516222852244 0.519152716805 0.515277889429 0.517342189814 0.512871410316 0.514990853344 0.512708431305 0.514738399459 0.512534579163 0.512762766293 0.511852997673 0.512377709249 0.519927309128 0.516848796932 0.515459148197 0.518400539685 0.153095912929 0.160849344327 0.194011548742 0.511589105637
 0.199217480275 0.201054085301 0.187518573689 0.193847607062 0.198516865791 0.193317256936 0.209605593630 0.198626424741 0.191162082150 0.201386940628 0.208213709283 0.203560295164 0.205850071213 0 0.196044905855 0.179470177240 0.177948909153 0.192934729905 0.201637499894 0.186293726815 0.176245090483 0.168134356988 0.181598081019 0.191549065359 0.183068216217 0.184179284864 0.177907120080 0.174488080025 0.215294180392 0.219016565341 0.220035485506 0.217354233652 0.222316654213 0.219968269713 0.208394085547 0.202737814211 0.222539921044 0.210590502547 0.198341347926 0.213056144927 0.213914558520 0.200063560480 0.198087232523 0.197894536195 0.198798012558 0.210713764509 0.213331653693 0.196629392934 0.542967032967 0.534450863221 0.538912257039 0.538225295715 0.534885443318 0.537682950077 0.538505520105 0.529854453226 0.536871324817 0.541887321824 0.332028016155 0.337251088993 0.321305869998 0.320173875420 0.320865837097 0.321072616974 0.321560280667 0.340121561055 0.501756259885 0.500517297205 0.501671902954 0.497120983971 0.500859822271 0.496130704732 0.497355488872 0.503353913245 0.496758969058 0.496876111499 0.528526685423 0.529222560714 0.520017614797 0.531923990874 0.529518331800 0.530849686381 0.536880851292 0.527742661594 0.524421788034 0.523097891483 0.527785647361 0.512614351954 0.518743110684 0.514779697278 0.518508739872 0.517759227566 0.527658286548 0.519302421139 0.524090591074 0.500070278046 0.503575753422 0.505611913923 0.495304537700 0.507037037738 0.508077346315 0.494448560728 0.506398442425 0.502512418032 0.510954137539 0.506144988936 0.498063916854 0.497596879759 0.498440544639 0.498779722248 0.497650485958 0.503332896432 0.511678210440 0.503088038738 0.508886159038 0.498586097541 0.499397691397 0.505626748982 0.498297361977 0.501911464038 0.495839994825 0.499155059627 0.200784515876 0.200289330588 0.198137795041 0.205595172792 0.189477222938 0.198164020961 0.512367267073 0.515215105298 0.514739515507 0.508705623975 0.513972425451 0.516007389844 0.507121324327 0.509444090017 0.506975580934 0.508487767869 0.506755561319 0.506847596478 0.506440608264 0.506877912533 0.509085340813 0.511772863789 0.510118706217 0.517161733724 0.202422349689 0.201630697560 0.186582735631 0.503309458403
 0.176606491570 0.182111685834 0.184691972620 0.190094763557 0.178010868575 0.190399711143 0.188577354748 0.192778533332 0.188851538876 0.178833239656 0.185915136746 0.181438946652 0.182869673021 0.196044905855 0 0.179107687190 0.175209035263 0.172779952454 0.180512529708 0.185953017160 0.173268461792 0.186027520576 0.184429445345 0.174338830375 0.179995683945 0.180370951466 0.178094352035 0.172624682841 0.192340855789 0.195247607248 0.199233683545 0.195598831490 0.198325788295 0.197319628403 0.204001007777 0.201071271439 0.201729572582 0.188021497914 0.199461713807 0.189732217901 0.194597201944 0.196571481187 0.197189994020 0.192756306315 0.198168953093 0.193142631745 0.192437458608 0.196141970197 0.538741567296 0.534136676501 0.534234121677 0.542450538149 0.538898391474 0.533069108620 0.533774880200 0.534413929104 0.536927849962 0.537709638792 0.314846729255 0.320525088615 0.304158149029 0.303683581731 0.304802879543 0.304696818523 0.306093684309 0.323179753269 0.508026574067 0.501384682197 0.507197872567 0.503484174086 0.501399346491 0.497353798058 0.503648356109 0.509488601325 0.498054747070 0.497384413121 0.522884288675 0.524505090021 0.526277309459 0.526732564444 0.524910290929 0.525757219029 0.531918012520 0.523212617183 0.519703608871 0.518399451861 0.523026842341 0.513154883410 0.519348421742 0.521183076382 0.524543754131 0.518259282924 0.522362812067 0.519977401203 0.530338571438 0.506327748566 0.509910551113 0.511235832773 0.495968700412 0.513284340107 0.508504921414 0.494462312886 0.507480690528 0.508624029621 0.506458878528 0.506239388482 0.504390027078 0.503735096489 0.504068293923 0.505343019798 0.498320374294 0.509259380299 0.506312051476 0.503645488424 0.503569621469 0.498856652950 0.505451133618 0.506303143551 0.498228291797 0.508230019794 0.502346986748 0.499964836203 0.178420181885 0.176923910667 0.174986753888 0.184109944195 0.182367238679 0.177097838490 0.507631228429 0.510660841399 0.509409192988 0.513068113288 0.509158172909 0.510938033769 0.506886195002 0.508791918570 0.506772778456 0.508635522070 0.506529400017 0.506750282996 0.506108211356 0.506691289741 0.514208497021 0.510993514624 0.509364606795 0.512807343804 0.179250141640 0.183200086163 0.185229315072 0.503793109020
 0.182085779618 0.185528606077 0.178877346330 0.186132187880 0.183465365356 0.186744353649 0.193024871721 0.191257231521 0.185591215636 0.183965842963 0.191673675120 0.187351107349 0.188947708975 0.179470177240 0.179107687190 0 0.169963045520 0.174768925602 0.187695235905 0.180857388635 0.167602428652 0.171194238388 0.178051748573 0.178063861543 0.176261522775 0.175975624493 0.171700696137 0.167106756846 0.198446109810 0.200196859776 0.203887819480 0.199985797592 0.204217894793 0.201722700544 0.199328799837 0.194802572639 0.205286576428 0.192045516900 0.193866823561 0.195320665609 0.197313152282 0.191226149076 0.190597622880 0.189164234955 0.191341585815 0.196716848900 0.196342994408 0.187901818801 0.534569998283 0.528087606056 0.530379361981 0.533946790828 0.530296972694 0.529100441561 0.530004321729 0.525962155812 0.530207026062 0.533385562620 0.318328143892 0.323168051982 0.307324099014 0.306487938010 0.306995072663 0.307038330823 0.308410814257 0.326321751578 0.499043758159 0.495018252126 0.498458566418 0.494126878705 0.494531510194 0.490488476552 0.494633983700 0.500561681271 0.491559642840 0.491162974200 0.519412378041 0.520669659645 0.516823487594 0.523087992414 0.521132102383 0.522422838052 0.528396407320 0.519350391095 0.515751288126 0.515003678963 0.519383566499 0.507126538889 0.513528586210 0.511710389756 0.515929964896 0.512266095387 0.519904253123 0.513498782145 0.520934734396 0.497331839465 0.500829047449 0.502482086436 0.489436511388 0.504146858965 0.502292092362 0.488658173596 0.501292705320 0.499686009614 0.502524319493 0.500724893063 0.494862167883 0.495113314545 0.495276401570 0.496288134616 0.491887224368 0.500363924819 0.502919348845 0.497468173512 0.500905940214 0.493135272992 0.496616480910 0.499899150365 0.492814048145 0.499640494812 0.493613725127 0.493695654574 0.182972048902 0.180960561498 0.180276529259 0.187851144134 0.179010500966 0.181669634142 0.503773115973 0.506572008170 0.506313859847 0.505066893684 0.505567595604 0.507530178071 0.501117427500 0.503231289678 0.500784108730 0.502553424515 0.501055441047 0.500599522867 0.500209308344 0.501002801947 0.505642859713 0.505234352186 0.503875358885 0.508967198584 0.184773797505 0.187742262849 0.179520841393 0.497372239373
 0.179627049207 0.183356816528 0.177147836771 0.183117489561 0.181026125443 0.184103372664 0.190393135420 0.186956112516 0.182333758619 0.181526018864 0.189748403050 0.185420167371 0.185673448151 0.177948909153 0.175209035263 0.169963045520 0 0.172504562266 0.184699884872 0.176283895222 0.164968730186 0.167804880737 0.174247314195 0.174616175338 0.172277963273 0.172111290237 0.171192620996 0.162755273625 0.196758413478 0.199947434053 0.202341834513 0.198977298102 0.202079548853 0.201466886890 0.198686823644 0.193048147456 0.203997785650 0.191733165014 0.193135245902 0.193150109680 0.198208491195 0.189401094743 0.188706524743 0.185981638321 0.191171575087 0.196656184051 0.196240085660 0.187411781425 0.530929878117 0.524471464685 0.527143937935 0.530566615979 0.527312550528 0.525863094957 0.526550997057 0.522476610207 0.527089684601 0.530303349611 0.317843803441 0.323387622513 0.305420466757 0.304690769561 0.305876525325 0.306031980501 0.306789825720 0.326583068517 0.494515158836 0.490350271907 0.493881184355 0.490070672021 0.490573404845 0.486411401133 0.490013870688 0.496241056549 0.487012243964 0.486556345560 0.516247640008 0.517987032738 0.514184353119 0.520488162539 0.518166406953 0.519374106042 0.525662526552 0.516821139069 0.512866873487 0.512175475812 0.516844962331 0.503583060387 0.510504696998 0.509111043068 0.512407285297 0.508367124768 0.516633713879 0.510868563636 0.518540312574 0.493273441338 0.497418171845 0.498792659183 0.485595199317 0.500203960979 0.498461306122 0.483934614282 0.497158139702 0.495312255450 0.499278426634 0.496175739686 0.491068309266 0.490905766542 0.491192815698 0.492132202398 0.487529180545 0.496287766480 0.499425517652 0.493113448329 0.496556183914 0.488414722793 0.492180973357 0.496047259103 0.488077053046 0.495412564124 0.489118650136 0.489737075756 0.180783911522 0.179872334447 0.176952956409 0.185585283024 0.175026603319 0.178652142542 0.499983445947 0.502800331706 0.502482452737 0.500813727322 0.501938554802 0.503561050626 0.496807297288 0.499030671544 0.496689169845 0.498410892337 0.496941674430 0.496667810200 0.496347322345 0.496780903944 0.501551034330 0.501106846779 0.499732141174 0.504974652882 0.182041689674 0.185903800672 0.177027579538 0.493785683626
