 0 0.349966561784 0.354716725573 0.375801036421 0.353523218093 0.347834297049 0.349947986986 0.345387684031 0.347391484966 0.351358633776 0.522701073231 0.522273411179 0.525332340318 0.789164175967 0.650961699991 0.644138521901 0.654107508782 0.656839230957 0.645913727280 0.643950594953 0.644166305825 0.648522334735 0.636722411510 0.649777379570 0.647271876480 0.644019161536
 0.349966561784 0 0.350304154992 0.376361029175 0.353392770953 0.345520519652 0.347435454592 0.348104823648 0.345408974068 0.346652482082 0.519672484378 0.521007263994 0.522977424659 0.791842535732 0.651796680223 0.641593469451 0.650813637772 0.655347551069 0.644939793151 0.641843589749 0.643165328540 0.647118659060 0.635053383420 0.647662373612 0.646686568479 0.643471551922
 0.354716725573 0.350304154992 0 0.378009994629 0.355452130571 0.347653420358 0.350640865186 0.350264422854 0.349288237301 0.349173182222 0.518793873644 0.520366587411 0.523246910772 0.789745284185 0.650536416462 0.641735418415 0.650726751349 0.654542159345 0.642692272526 0.643333738669 0.643432099639 0.646109601583 0.635858806067 0.648018898902 0.645779000590 0.643537964311
 0.375801036421 0.376361029175 0.378009994629 0 0.378251648787 0.374068326096 0.377204956864 0.373936568025 0.374214014719 0.374650827445 0.490544856503 0.486987579137 0.485809424100 0.631491436530 0.526656934843 0.520760746415 0.525629523406 0.529370107340 0.521773023256 0.489645731272 0.518897574940 0.523859915820 0.515983188054 0.524482265066 0.523289393156 0.520286774389
 0.353523218093 0.353392770953 0.355452130571 0.378251648787 0 0.345436037268 0.346988532207 0.347711503832 0.345288505408 0.349319305175 0.522290139313 0.521992788640 0.525559997955 0.789485523314 0.654939970998 0.646022354480 0.655504024132 0.658759571378 0.646915578362 0.644941542708 0.645409824475 0.649884262461 0.639936815408 0.651081575667 0.648810452955 0.644861212017
 0.347834297049 0.345520519652 0.347653420358 0.374068326096 0.345436037268 0 0.299021324437 0.258369859787 0.341101177300 0.342910239028 0.518527428412 0.518185917887 0.521063973192 0.789277607949 0.649097691374 0.641890195850 0.649790264008 0.653755868545 0.641300426385 0.639973120445 0.641916290521 0.640737364342 0.629851289991 0.646316258824 0.643969591578 0.635377660645
 0.349947986986 0.347435454592 0.350640865186 0.377204956864 0.346988532207 0.299021324437 0 0.302214732159 0.341129440639 0.345028793424 0.524090692593 0.522137433205 0.524620759875 0.793525533585 0.651741432050 0.645630155336 0.654071735547 0.657206964506 0.644979094843 0.644744985220 0.643555140180 0.648470697674 0.638178502969 0.649830114581 0.647300183575 0.643434261598
 0.345387684031 0.348104823648 0.350264422854 0.373936568025 0.347711503832 0.258369859787 0.302214732159 0 0.343081292511 0.346048915537 0.519330487881 0.517905644530 0.522244862652 0.791342927898 0.650813603389 0.641364840772 0.652679565019 0.654601365981 0.642418472964 0.640187594349 0.641474160087 0.642538062323 0.630861558265 0.647063177490 0.645486863912 0.636427144599
 0.347391484966 0.345408974068 0.349288237301 0.374214014719 0.345288505408 0.341101177300 0.341129440639 0.343081292511 0 0.343065221648 0.518604440793 0.519005484597 0.521041611147 0.785511798232 0.647870860829 0.639852146605 0.648872259020 0.650924402195 0.639801509666 0.639331766875 0.639311032199 0.642460285827 0.630030726116 0.643682246312 0.643054778768 0.637538784475
 0.351358633776 0.346652482082 0.349173182222 0.374650827445 0.349319305175 0.342910239028 0.345028793424 0.346048915537 0.343065221648 0 0.515179887063 0.516875466833 0.519007530730 0.787154721938 0.646264944327 0.638126880440 0.647769242413 0.650676432082 0.632843889819 0.636166276408 0.632350131705 0.643446919551 0.630032403535 0.643825462109 0.641667650880 0.633541537249
 0.522701073231 0.519672484378 0.518793873644 0.490544856503 0.522290139313 0.518527428412 0.524090692593 0.519330487881 0.518604440793 0.515179887063 0 0.410920407610 0.452143523650 0.767565946909 0.647601814751 0.641155935841 0.647709427399 0.650343044458 0.641392381267 0.639754284389 0.637069221273 0.642344297879 0.634660640388 0.647119484308 0.647140949031 0.639058020401
 0.522273411179 0.521007263994 0.520366587411 0.486987579137 0.521992788640 0.518185917887 0.522137433205 0.517905644530 0.519005484597 0.516875466833 0.410920407610 0 0.442004501241 0.747438079547 0.632380845134 0.626543240453 0.630806682276 0.633935832867 0.626031430821 0.624333827647 0.621570480702 0.628889077006 0.620093983718 0.631413735169 0.632319312591 0.624420180330
 0.525332340318 0.522977424659 0.523246910772 0.485809424100 0.525559997955 0.521063973192 0.524620759875 0.522244862652 0.521041611147 0.519007530730 0.452143523650 0.442004501241 0 0.700933522244 0.580929937426 0.576996000443 0.581606961187 0.583246407542 0.577502831750 0.574927473136 0.573955785349 0.580081073418 0.571539966268 0.582731892400 0.581875365962 0.578814319498
 0.789164175967 0.791842535732 0.789745284185 0.631491436530 0.789485523314 0.789277607949 0.793525533585 0.791342927898 0.785511798232 0.787154721938 0.767565946909 0.747438079547 0.700933522244 0 0.424050167197 0.431704507385 0.420963016079 0.426173563470 0.417629062885 0.427622651863 0.415291864122 0.427545620538 0.437278256462 0.430458226088 0.429586875628 0.424731168332
 0.650961699991 0.651796680223 0.650536416462 0.526656934843 0.654939970998 0.649097691374 0.651741432050 0.650813603389 0.647870860829 0.646264944327 0.647601814751 0.632380845134 0.580929937426 0.424050167197 0 0.338323101176 0.338664899297 0.338908163020 0.342982834112 0.339029463287 0.341885685747 0.339959568733 0.346581670742 0.347119784087 0.345283351096 0.353651616041
 0.644138521901 0.641593469451 0.641735418415 0.520760746415 0.646022354480 0.641890195850 0.645630155336 0.641364840772 0.639852146605 0.638126880440 0.641155935841 0.626543240453 0.576996000443 0.431704507385 0.338323101176 0 0.340841149797 0.336231212613 0.341916371885 0.337424435948 0.339941549049 0.338049061891 0.345302816082 0.342909639817 0.344931279871 0.354787937906
 0.654107508782 0.650813637772 0.650726751349 0.525629523406 0.655504024132 0.649790264008 0.654071735547 0.652679565019 0.648872259020 0.647769242413 0.647709427399 0.630806682276 0.581606961187 0.420963016079 0.338664899297 0.340841149797 0 0.341559862686 0.340423865220 0.336967793663 0.343317749356 0.341168156876 0.347068522011 0.345701501028 0.346333667068 0.352493325201
 0.656839230957 0.655347551069 0.654542159345 0.529370107340 0.658759571378 0.653755868545 0.657206964506 0.654601365981 0.650924402195 0.650676432082 0.650343044458 0.633935832867 0.583246407542 0.426173563470 0.338908163020 0.336231212613 0.341559862686 0 0.342046785157 0.338377167119 0.337684857331 0.339485122280 0.347766324302 0.345848024227 0.347206458935 0.354103513267
 0.645913727280 0.644939793151 0.642692272526 0.521773023256 0.646915578362 0.641300426385 0.644979094843 0.642418472964 0.639801509666 0.632843889819 0.641392381267 0.626031430821 0.577502831750 0.417629062885 0.342982834112 0.341916371885 0.340423865220 0.342046785157 0 0.336854159326 0.332481956582 0.345138266879 0.347393360437 0.347838162270 0.346396932633 0.346355970332
 0.643950594953 0.641843589749 0.643333738669 0.489645731272 0.644941542708 0.639973120445 0.644744985220 0.640187594349 0.639331766875 0.636166276408 0.639754284389 0.624333827647 0.574927473136 0.427622651863 0.339029463287 0.337424435948 0.336967793663 0.338377167119 0.336854159326 0 0.338420688801 0.341758583591 0.346586824439 0.344258730327 0.345600653450 0.352425016580
 0.644166305825 0.643165328540 0.643432099639 0.518897574940 0.645409824475 0.641916290521 0.643555140180 0.641474160087 0.639311032199 0.632350131705 0.637069221273 0.621570480702 0.573955785349 0.415291864122 0.341885685747 0.339941549049 0.343317749356 0.337684857331 0.332481956582 0.338420688801 0 0.342770366774 0.345667945139 0.345988955702 0.346271319195 0.346436055771
 0.648522334735 0.647118659060 0.646109601583 0.523859915820 0.649884262461 0.640737364342 0.648470697674 0.642538062323 0.642460285827 0.643446919551 0.642344297879 0.628889077006 0.580081073418 0.427545620538 0.339959568733 0.338049061891 0.341168156876 0.339485122280 0.345138266879 0.341758583591 0.342770366774 0 0.341431081327 0.348974948093 0.348032204013 0.347509635860
 0.636722411510 0.635053383420 0.635858806067 0.515983188054 0.639936815408 0.629851289991 0.638178502969 0.630861558265 0.630030726116 0.630032403535 0.634660640388 0.620093983718 0.571539966268 0.437278256462 0.346581670742 0.345302816082 0.347068522011 0.347766324302 0.347393360437 0.346586824439 0.345667945139 0.341431081327 0 0.344683272386 0.351194510573 0.348753721757
 0.649777379570 0.647662373612 0.648018898902 0.524482265066 0.651081575667 0.646316258824 0.649830114581 0.647063177490 0.643682246312 0.643825462109 0.647119484308 0.631413735169 0.582731892400 0.430458226088 0.347119784087 0.342909639817 0.345701501028 0.345848024227 0.347838162270 0.344258730327 0.345988955702 0.348974948093 0.344683272386 0 0.347745461823 0.355300571979
 0.647271876480 0.646686568479 0.645779000590 0.523289393156 0.648810452955 0.643969591578 0.647300183575 0.645486863912 0.643054778768 0.641667650880 0.647140949031 0.632319312591 0.581875365962 0.429586875628 0.345283351096 0.344931279871 0.346333667068 0.347206458935 0.346396932633 0.345600653450 0.346271319195 0.348032204013 0.351194510573 0.347745461823 0 0.354485008293
 0.644019161536 0.643471551922 0.643537964311 0.520286774389 0.644861212017 0.635377660645 0.643434261598 0.636427144599 0.637538784475 0.633541537249 0.639058020401 0.624420180330 0.578814319498 0.424731168332 0.353651616041 0.354787937906 0.352493325201 0.354103513267 0.346355970332 0.352425016580 0.346436055771 0.347509635860 0.348753721757 0.355300571979 0.354485008293 0
