 0 0.152957545873 0.200486413485 0.170600146453 0.167719229865 0.147032177697 0.147265363989 0.251559652969 1.479064512761 1.482716542396 1.485649878125 1.477811930329 1.480264884819 1.492922050929 1.486694385308 1.492028854494 1.464189242233 1.472276537405
 0.152957545873 0 0.212166619191 0.182963545247 0.179369749722 0.159050964475 0.158634116570 0.265285174243 1.436156706055 1.439675793543 1.442113784721 1.434300422786 1.436840709323 1.447241089827 1.443017216224 1.446976500929 1.419379110467 1.428107194620
 0.200486413485 0.212166619191 0 0.204089828900 0.203628261596 0.204150699248 0.204207590935 0.242496845955 1.465104792418 1.469283363892 1.472707134644 1.464260769628 1.467730182198 1.480321251884 1.474020533442 1.479642815401 1.451680374519 1.459356856988
 0.170600146453 0.182963545247 0.204089828900 0 0.184662637146 0.174156152978 0.174714725723 0.244581226591 1.455142884119 1.459614657329 1.461768602278 1.454754894669 1.457454638657 1.470656835065 1.463569874660 1.468354860520 1.441109977777 1.448232623698
 0.167719229865 0.179369749722 0.203628261596 0.184662637146 0 0.172232620954 0.172192964379 0.246471576258 1.473042018069 1.475680410821 1.480143977346 1.471575597974 1.475858775595 1.486602684154 1.481168939047 1.488644451558 1.459974496383 1.468024200748
 0.147032177697 0.159050964475 0.204150699248 0.174156152978 0.172232620954 0 0.150998159422 0.256766489380 1.459949355121 1.464158795339 1.466318688188 1.458574355439 1.461326235432 1.474450995964 1.468159700705 1.472540786920 1.445151051538 1.452992478704
 0.147265363989 0.158634116570 0.204207590935 0.174714725723 0.172192964379 0.150998159422 0 0.256159516895 1.455469123182 1.460466067473 1.462710013160 1.455261660782 1.458301701887 1.471374010355 1.464186631584 1.468740713622 1.441654898449 1.449076797585
 0.251559652969 0.265285174243 0.242496845955 0.244581226591 0.246471576258 0.256766489380 0.256159516895 0 1.460458614195 1.464265026343 1.467668934849 1.459133935210 1.463688601871 1.476016830942 1.469680411424 1.473460807219 1.446692790989 1.453989188865
 1.479064512761 1.436156706055 1.465104792418 1.455142884119 1.473042018069 1.459949355121 1.455469123182 1.460458614195 0 0.162998097861 0.153004754205 0.149718067237 0.150877543866 0.156194653976 0.153700833919 0.137473140017 0.136585050033 0.136762951167
 1.482716542396 1.439675793543 1.469283363892 1.459614657329 1.475680410821 1.464158795339 1.460466067473 1.464265026343 0.162998097861 0 0.176169546299 0.165870481599 0.172195282439 0.179634107233 0.175989379523 0.159835002866 0.158548645495 0.158040670566
 1.485649878125 1.442113784721 1.472707134644 1.461768602278 1.480143977346 1.466318688188 1.462710013160 1.467668934849 0.153004754205 0.176169546299 0 0.155695727860 0.150406003937 0.157412033442 0.155437246103 0.137249381258 0.135277411825 0.134527959916
 1.477811930329 1.434300422786 1.464260769628 1.454754894669 1.471575597974 1.458574355439 1.455261660782 1.459133935210 0.149718067237 0.165870481599 0.155695727860 0 0.150659280386 0.158052078089 0.154597318575 0.137444481476 0.136503794937 0.137702591713
 1.480264884819 1.436840709323 1.467730182198 1.457454638657 1.475858775595 1.461326235432 1.458301701887 1.463688601871 0.150877543866 0.172195282439 0.150406003937 0.150659280386 0 0.152197313977 0.147929956608 0.132351392693 0.130839700169 0.131413452800
 1.492922050929 1.447241089827 1.480321251884 1.470656835065 1.486602684154 1.474450995964 1.471374010355 1.476016830942 0.156194653976 0.179634107233 0.157412033442 0.158052078089 0.152197313977 0 0.154131917700 0.138413918631 0.138772748545 0.137545079238
 1.486694385308 1.443017216224 1.474020533442 1.463569874660 1.481168939047 1.468159700705 1.464186631584 1.469680411424 0.153700833919 0.175989379523 0.155437246103 0.154597318575 0.147929956608 0.154131917700 0 0.135334852516 0.134668194480 0.135621061832
 1.492028854494 1.446976500929 1.479642815401 1.468354860520 1.488644451558 1.472540786920 1.468740713622 1.473460807219 0.137473140017 0.159835002866 0.137249381258 0.137444481476 0.132351392693 0.138413918631 0.135334852516 0 0.117588365576 0.114914492405
 1.464189242233 1.419379110467 1.451680374519 1.441109977777 1.459974496383 1.445151051538 1.441654898449 1.446692790989 0.136585050033 0.158548645495 0.135277411825 0.136503794937 0.130839700169 0.138772748545 0.134668194480 0.117588365576 0 0.114833977499
 1.472276537405 1.428107194620 1.459356856988 1.448232623698 1.468024200748 1.452992478704 1.449076797585 1.453989188865 0.136762951167 0.158040670566 0.134527959916 0.137702591713 0.131413452800 0.137545079238 0.135621061832 0.114914492405 0.114833977499 0
