 0 0.391276840356 0.393369502558 0.394539776352 0.395600161266 0.570477673154 0.567549256509 0.581696284979 0.584352457111 0.574849226192 0.623231066080 0.612659860147 0.611592892061 0.600216736238 0.605550933487 0.611031313317 0.613146690963 0.614822008084 0.613500062954 0.605060811420 0.617057067440 0.613773051010 0.624456324906 0.605100746369 0.603958855098 0.614234688884 0.425028615032 0.423467893003 0.426266850226 0.427732922195 0.423807230452 0.425659899745 0.429200164005 0.426994635754 0.423477748962 0.427373185092 0.428809854101 0.424818343786 0.424553909211 0.431479999933 0.426197245795 0.430034777642
 0.391276840356 0 0.393053148596 0.392608284484 0.393198041312 0.566887211127 0.566451407841 0.578697051303 0.582358335223 0.571854042607 0.621663308889 0.610617553547 0.610384379316 0.597590894274 0.603594813325 0.609613401856 0.612130686859 0.611542964965 0.612116203532 0.602680123525 0.615002421711 0.612721415781 0.622060990018 0.603476659053 0.602267124114 0.613142506815 0.424921647297 0.425208386821 0.426689393315 0.428835815347 0.424842925058 0.428635926901 0.428656743308 0.428435597356 0.425745949392 0.429018190493 0.429436325345 0.426982533892 0.426791476049 0.433851810912 0.426292260724 0.431618169029
 0.393369502558 0.393053148596 0 0.394800290177 0.397371486625 0.572062994345 0.569550367619 0.585005640625 0.584150519425 0.574254694169 0.625011138816 0.613136537291 0.614006802494 0.602256131138 0.606505337244 0.614007942992 0.615310487864 0.615078549773 0.615346136787 0.606967458965 0.618262641540 0.614977966215 0.625436218829 0.607781179860 0.603294577832 0.615741931175 0.425585485210 0.426825867303 0.428658762870 0.429645851306 0.426836963885 0.429750791610 0.429668726100 0.429608132602 0.426548004565 0.431007323759 0.432897992003 0.427333252176 0.427754676867 0.435228640395 0.429058242484 0.432343814734
 0.394539776352 0.392608284484 0.394800290177 0 0.394710301175 0.566131483475 0.564812325972 0.580104564302 0.581917950879 0.569873930733 0.621141893770 0.610631633249 0.609389912043 0.596901641553 0.602689492660 0.609236950381 0.611694658113 0.611575908644 0.611924585005 0.602112972690 0.615666450987 0.612904110960 0.621078944986 0.602598891088 0.600388219149 0.611766244418 0.422782237506 0.424034656372 0.425973481746 0.427419805843 0.424032837635 0.424874362494 0.426978827663 0.426687668547 0.423281660500 0.428699267785 0.429868990280 0.425040763031 0.424649779503 0.431543376531 0.424881493821 0.430589685611
 0.395600161266 0.393198041312 0.397371486625 0.394710301175 0 0.568621305993 0.565468664400 0.578176913584 0.581434025249 0.572478215726 0.621363575165 0.610569525347 0.610802915905 0.598492333305 0.603381007741 0.609195945121 0.611690373639 0.611430138006 0.611640825127 0.602709960259 0.614751687765 0.613597643188 0.622116030031 0.602867009925 0.600762461178 0.612885339526 0.426637082147 0.425403028823 0.427227155418 0.429604225757 0.426416019957 0.427987749283 0.430917406236 0.429066113233 0.426536266752 0.431087694766 0.431544990958 0.426608460729 0.426842179854 0.435666206987 0.428760580153 0.433409137076
 0.570477673154 0.566887211127 0.572062994345 0.566131483475 0.568621305993 0 0.401179684611 0.403748943659 0.410279098485 0.403362664991 0.437230759830 0.426016780375 0.426894746998 0.417850399944 0.419281192708 0.427193972914 0.429399776100 0.427883647427 0.429993110312 0.419613289723 0.430965047720 0.429375428087 0.437282692486 0.420647122090 0.417696177495 0.428776996801 0.601061121355 0.600954372786 0.601946068831 0.606198246270 0.604529447708 0.607939416383 0.607817162409 0.607955559486 0.603457303929 0.610528820919 0.610693794714 0.605980558596 0.605685921167 0.612510149122 0.607318931264 0.612037375439
 0.567549256509 0.566451407841 0.569550367619 0.564812325972 0.565468664400 0.401179684611 0 0.407711697889 0.412760659696 0.405675235858 0.440156020788 0.430486693342 0.431514032603 0.421883019151 0.424548194526 0.429946717066 0.433143061523 0.430536495584 0.433703219736 0.424777894417 0.437580321074 0.433134550335 0.441485373767 0.423264055448 0.423109742428 0.432760567925 0.598424616033 0.598807157744 0.599550764790 0.602977630783 0.600636087016 0.604905580928 0.605516976931 0.604468847213 0.600121621900 0.607783947934 0.607045393366 0.602634236800 0.604420614803 0.609738427577 0.603798761952 0.609121229106
 0.581696284979 0.578697051303 0.585005640625 0.580104564302 0.578176913584 0.403748943659 0.407711697889 0 0.418348289835 0.409679989851 0.443555031061 0.433636551582 0.434490193121 0.425704386047 0.427171559226 0.433110977019 0.435205898802 0.434030779553 0.437611076973 0.427166133399 0.438319768988 0.434173442433 0.443503814991 0.425989931415 0.425997148867 0.437294881835 0.614410605316 0.612999691463 0.614971533502 0.617466188532 0.614412368329 0.620950491825 0.619083634516 0.619334803463 0.614383716696 0.621246756573 0.619740325734 0.617619928820 0.618260807232 0.623781538958 0.618404364918 0.623610022031
 0.584352457111 0.582358335223 0.584150519425 0.581917950879 0.581434025249 0.410279098485 0.412760659696 0.418348289835 0 0.400865447617 0.448187357828 0.438912755525 0.437959011466 0.428014732518 0.432483473151 0.438318338054 0.440332598416 0.438752338197 0.442612850285 0.431269162966 0.442786340001 0.438633555004 0.448824469898 0.433178092717 0.431195576049 0.441143523964 0.614125966797 0.614325179486 0.615741681982 0.618789483322 0.616173909562 0.619819999136 0.621488081056 0.622565198062 0.615899096506 0.623463360475 0.621808418209 0.617527291464 0.619665476270 0.625877780226 0.619809036330 0.624328589807
 0.574849226192 0.571854042607 0.574254694169 0.569873930733 0.572478215726 0.403362664991 0.405675235858 0.409679989851 0.400865447617 0 0.440757013395 0.432143699936 0.432170219717 0.421487974299 0.424196643941 0.433159509503 0.434928149934 0.433038681268 0.434466150279 0.424335168034 0.436885787397 0.433214643792 0.441907405071 0.425152772239 0.423168557436 0.435047086772 0.603048456705 0.603622177612 0.605905925761 0.608040913008 0.606002331409 0.609191551419 0.611521183738 0.610454025810 0.604892058247 0.612929953010 0.611668513778 0.607953514930 0.608009207293 0.613892160335 0.609740962742 0.613733187293
 0.623231066080 0.621663308889 0.625011138816 0.621141893770 0.621363575165 0.437230759830 0.440156020788 0.443555031061 0.448187357828 0.440757013395 0 0.350703037761 0.356922983700 0.338976907106 0.340874997656 0.348211363884 0.357061480985 0.357894800766 0.356468645365 0.340327733624 0.355528504953 0.351654284367 0.353388540721 0.342746355891 0.340032646731 0.355166570845 0.603124027959 0.602187584922 0.603058388749 0.607093988318 0.603172657403 0.612466355698 0.611424619553 0.611868311727 0.605232420450 0.614177042037 0.614565305028 0.607561629520 0.609628277896 0.616536691959 0.610473447802 0.617003174389
 0.612659860147 0.610617553547 0.613136537291 0.610631633249 0.610569525347 0.426016780375 0.430486693342 0.433636551582 0.438912755525 0.432143699936 0.350703037761 0 0.349115787729 0.333257218293 0.335454812494 0.349642887824 0.346648521238 0.349042511898 0.350050340932 0.333385139195 0.345715257568 0.346658359269 0.354428849113 0.336038847152 0.334050505558 0.349029555476 0.595083579798 0.596594583638 0.596891544530 0.601331588197 0.597385014926 0.603535322943 0.603783156410 0.604246652735 0.596912763292 0.608507592491 0.607075286097 0.601580721997 0.600853005937 0.610785374034 0.602339492669 0.610057320248
 0.611592892061 0.610384379316 0.614006802494 0.609389912043 0.610802915905 0.426894746998 0.431514032603 0.434490193121 0.437959011466 0.432170219717 0.356922983700 0.349115787729 0 0.337384762993 0.336382024039 0.351730386920 0.349297941912 0.350717366164 0.349438418375 0.338963224331 0.352214246306 0.349303312780 0.360160774757 0.339603847470 0.338323121073 0.349759335076 0.596846648319 0.599102777827 0.600190848908 0.604533248777 0.599667540214 0.604770518636 0.604812390378 0.605598866052 0.599934487001 0.609395264458 0.608430565535 0.602670150366 0.603863138389 0.613391592770 0.605807139617 0.611915653309
 0.600216736238 0.597590894274 0.602256131138 0.596901641553 0.598492333305 0.417850399944 0.421883019151 0.425704386047 0.428014732518 0.421487974299 0.338976907106 0.333257218293 0.337384762993 0 0.317757778330 0.336464655997 0.338471645809 0.336973829840 0.338102326509 0.316139426114 0.336123502939 0.334203860008 0.340830112898 0.320653551759 0.320217220002 0.334146441420 0.572675540031 0.572924631426 0.574698293011 0.581569639337 0.574895150178 0.583721412310 0.583087017278 0.583279579141 0.574850524645 0.587118129233 0.586878971821 0.578680683809 0.581057537349 0.589719666413 0.580966533677 0.589727254844
 0.605550933487 0.603594813325 0.606505337244 0.602689492660 0.603381007741 0.419281192708 0.424548194526 0.427171559226 0.432483473151 0.424196643941 0.340874997656 0.335454812494 0.336382024039 0.317757778330 0 0.333842817437 0.336248643621 0.338605259601 0.341558433505 0.319672144633 0.335680002985 0.334494897856 0.341348089939 0.324361657925 0.321785258031 0.339303090358 0.579505074649 0.581474547621 0.582183471825 0.588345852786 0.582640549328 0.589598094022 0.589814530839 0.589421512381 0.582974114874 0.594977296863 0.593152804522 0.586565505443 0.587038063709 0.596935651174 0.589786666917 0.597080819507
 0.611031313317 0.609613401856 0.614007942992 0.609236950381 0.609195945121 0.427193972914 0.429946717066 0.433110977019 0.438318338054 0.433159509503 0.348211363884 0.349642887824 0.351730386920 0.336464655997 0.333842817437 0 0.352560875361 0.351685885668 0.353808604904 0.336007735522 0.353644123243 0.350498108961 0.360364542280 0.343879469256 0.340460914395 0.352676952432 0.596668097952 0.596987334094 0.599040813699 0.602661090174 0.598894628033 0.604761789703 0.606250881012 0.605442671416 0.598547891918 0.609675978443 0.607376683199 0.603169706076 0.603634005489 0.610950637611 0.603658055550 0.612230814230
 0.613146690963 0.612130686859 0.615310487864 0.611694658113 0.611690373639 0.429399776100 0.433143061523 0.435205898802 0.440332598416 0.434928149934 0.357061480985 0.346648521238 0.349297941912 0.338471645809 0.336248643621 0.352560875361 0 0.353071397377 0.355729158056 0.339252951818 0.352024410210 0.349297067164 0.359376766354 0.341243804022 0.338202544983 0.352982248111 0.600011101823 0.599888314056 0.601483539121 0.606067059065 0.601572951003 0.607248081741 0.608212222165 0.607850086252 0.601932794865 0.611135926518 0.610802920147 0.604632006318 0.605758754385 0.614754483254 0.606984912044 0.615066566932
 0.614822008084 0.611542964965 0.615078549773 0.611575908644 0.611430138006 0.427883647427 0.430536495584 0.434030779553 0.438752338197 0.433038681268 0.357894800766 0.349042511898 0.350717366164 0.336973829840 0.338605259601 0.351685885668 0.353071397377 0 0.355725206935 0.342184053325 0.356531644499 0.354643598553 0.359601216709 0.346871832392 0.345408303770 0.351407472641 0.601288588935 0.601472714727 0.603989559910 0.607853011667 0.603425517685 0.608394677579 0.609703720681 0.608354140263 0.603331640654 0.611792704633 0.611697936394 0.606774352140 0.606175881719 0.614608933247 0.608332142347 0.615529062604
 0.613500062954 0.612116203532 0.615346136787 0.611924585005 0.611640825127 0.429993110312 0.433703219736 0.437611076973 0.442612850285 0.434466150279 0.356468645365 0.350050340932 0.349438418375 0.338102326509 0.341558433505 0.353808604904 0.355729158056 0.355725206935 0 0.337432030254 0.354630906884 0.349390992466 0.363270922952 0.342099539280 0.338509080859 0.352157248690 0.598698722397 0.600494920009 0.600695634819 0.603876176833 0.600494145623 0.606119092602 0.607072426902 0.606619673939 0.600482353656 0.609812782837 0.610259085586 0.604179939806 0.604500985090 0.613502991744 0.606820450732 0.612488935677
 0.605060811420 0.602680123525 0.606967458965 0.602112972690 0.602709960259 0.419613289723 0.424777894417 0.427166133399 0.431269162966 0.424335168034 0.340327733624 0.333385139195 0.338963224331 0.316139426114 0.319672144633 0.336007735522 0.339252951818 0.342184053325 0.337432030254 0 0.335402183513 0.335292320440 0.340678226965 0.324367206207 0.320212980945 0.336134346221 0.578223501650 0.580175314100 0.580401641247 0.586947464358 0.581508548851 0.588935134727 0.589357431389 0.589726296406 0.581569780746 0.593367263711 0.592066168538 0.586562126202 0.585919493324 0.595723916243 0.588341700765 0.597301044339
 0.617057067440 0.615002421711 0.618262641540 0.615666450987 0.614751687765 0.430965047720 0.437580321074 0.438319768988 0.442786340001 0.436885787397 0.355528504953 0.345715257568 0.352214246306 0.336123502939 0.335680002985 0.353644123243 0.352024410210 0.356531644499 0.354630906884 0.335402183513 0 0.349111515216 0.356079447610 0.340799040712 0.338923824959 0.351311900543 0.598858521874 0.598898861685 0.600102325566 0.604583589428 0.599479372294 0.606939603395 0.606170413618 0.606315277746 0.601943412770 0.609647995197 0.609710600168 0.605339299584 0.605644462668 0.612048782192 0.605647241434 0.612710350634
 0.613773051010 0.612721415781 0.614977966215 0.612904110960 0.613597643188 0.429375428087 0.433134550335 0.434173442433 0.438633555004 0.433214643792 0.351654284367 0.346658359269 0.349303312780 0.334203860008 0.334494897856 0.350498108961 0.349297067164 0.354643598553 0.349390992466 0.335292320440 0.349111515216 0 0.355035084993 0.337952285041 0.336877654602 0.348512372793 0.597120327313 0.596299758435 0.599013513448 0.603296406708 0.598688393322 0.605006817447 0.604665053955 0.604930990989 0.598453597529 0.608356419274 0.607792915285 0.602624935342 0.603086488116 0.609999363175 0.603863355075 0.611383745436
 0.624456324906 0.622060990018 0.625436218829 0.621078944986 0.622116030031 0.437282692486 0.441485373767 0.443503814991 0.448824469898 0.441907405071 0.353388540721 0.354428849113 0.360160774757 0.340830112898 0.341348089939 0.360364542280 0.359376766354 0.359601216709 0.363270922952 0.340678226965 0.356079447610 0.355035084993 0 0.344445173268 0.340876960889 0.357328371341 0.603957736536 0.603246250457 0.603914198900 0.609535619128 0.604997544086 0.611218732724 0.610676901276 0.612076128615 0.605451741364 0.615265123640 0.614584558413 0.609035713954 0.609996100331 0.616007243427 0.609737318220 0.617034995294
 0.605100746369 0.603476659053 0.607781179860 0.602598891088 0.602867009925 0.420647122090 0.423264055448 0.425989931415 0.433178092717 0.425152772239 0.342746355891 0.336038847152 0.339603847470 0.320653551759 0.324361657925 0.343879469256 0.341243804022 0.346871832392 0.342099539280 0.324367206207 0.340799040712 0.337952285041 0.344445173268 0 0.323411784310 0.340239718466 0.581954403307 0.582952968952 0.584397453921 0.589428607297 0.584100640492 0.592299781954 0.591690569373 0.592051526849 0.584274619688 0.596727105579 0.595349183917 0.588515178422 0.590043001993 0.598209783350 0.590052711236 0.597973629124
 0.603958855098 0.602267124114 0.603294577832 0.600388219149 0.600762461178 0.417696177495 0.423109742428 0.425997148867 0.431195576049 0.423168557436 0.340032646731 0.334050505558 0.338323121073 0.320217220002 0.321785258031 0.340460914395 0.338202544983 0.345408303770 0.338509080859 0.320212980945 0.338923824959 0.336877654602 0.340876960889 0.323411784310 0 0.339147189628 0.576509444024 0.577995490188 0.578910227765 0.584763782508 0.578900958642 0.587470604560 0.587521687087 0.587541235461 0.580244988864 0.592159825290 0.591270072143 0.583946333181 0.584415434400 0.593813204100 0.586237027521 0.595008377239
 0.614234688884 0.613142506815 0.615741931175 0.611766244418 0.612885339526 0.428776996801 0.432760567925 0.437294881835 0.441143523964 0.435047086772 0.355166570845 0.349029555476 0.349759335076 0.334146441420 0.339303090358 0.352676952432 0.352982248111 0.351407472641 0.352157248690 0.336134346221 0.351311900543 0.348512372793 0.357328371341 0.340239718466 0.339147189628 0 0.597764066522 0.597218384748 0.598871522044 0.603238344751 0.599463700467 0.605562930729 0.607171924520 0.606438972906 0.599709135358 0.609648812726 0.608691987187 0.603396138996 0.603108691906 0.611396747686 0.605041301977 0.612700301262
 0.425028615032 0.424921647297 0.425585485210 0.422782237506 0.426637082147 0.601061121355 0.598424616033 0.614410605316 0.614125966797 0.603048456705 0.603124027959 0.595083579798 0.596846648319 0.572675540031 0.579505074649 0.596668097952 0.600011101823 0.601288588935 0.598698722397 0.578223501650 0.598858521874 0.597120327313 0.603957736536 0.581954403307 0.576509444024 0.597764066522 0 0.319806251682 0.321538429418 0.323646530543 0.320574808986 0.321706716150 0.326646150716 0.325685592893 0.319165155583 0.329278057729 0.327958235523 0.323890960245 0.320971500388 0.330706861391 0.324079286540 0.332927684229
 0.423467893003 0.425208386821 0.426825867303 0.424034656372 0.425403028823 0.600954372786 0.598807157744 0.612999691463 0.614325179486 0.603622177612 0.602187584922 0.596594583638 0.599102777827 0.572924631426 0.581474547621 0.596987334094 0.599888314056 0.601472714727 0.600494920009 0.580175314100 0.598898861685 0.596299758435 0.603246250457 0.582952968952 0.577995490188 0.597218384748 0.319806251682 0 0.323316694132 0.324287488561 0.318841986587 0.323538037611 0.327899881161 0.325697220813 0.319309881551 0.328529343855 0.328999244222 0.321792200402 0.320793364162 0.333622765190 0.322890766641 0.331906652118
 0.426266850226 0.426689393315 0.428658762870 0.425973481746 0.427227155418 0.601946068831 0.599550764790 0.614971533502 0.615741681982 0.605905925761 0.603058388749 0.596891544530 0.600190848908 0.574698293011 0.582183471825 0.599040813699 0.601483539121 0.603989559910 0.600695634819 0.580401641247 0.600102325566 0.599013513448 0.603914198900 0.584397453921 0.578910227765 0.598871522044 0.321538429418 0.323316694132 0 0.326039706289 0.323041284929 0.327266468532 0.328396308264 0.325940438744 0.321960223686 0.332317253334 0.330523066822 0.325539123349 0.322882477175 0.332723925108 0.324334717985 0.332761340451
 0.427732922195 0.428835815347 0.429645851306 0.427419805843 0.429604225757 0.606198246270 0.602977630783 0.617466188532 0.618789483322 0.608040913008 0.607093988318 0.601331588197 0.604533248777 0.581569639337 0.588345852786 0.602661090174 0.606067059065 0.607853011667 0.603876176833 0.586947464358 0.604583589428 0.603296406708 0.609535619128 0.589428607297 0.584763782508 0.603238344751 0.323646530543 0.324287488561 0.326039706289 0 0.326873521890 0.326516698652 0.330683804676 0.327188406692 0.326395635907 0.331509161230 0.332072875697 0.328766972558 0.327625114908 0.335361525357 0.326893976280 0.336351251544
 0.423807230452 0.424842925058 0.426836963885 0.424032837635 0.426416019957 0.604529447708 0.600636087016 0.614412368329 0.616173909562 0.606002331409 0.603172657403 0.597385014926 0.599667540214 0.574895150178 0.582640549328 0.598894628033 0.601572951003 0.603425517685 0.600494145623 0.581508548851 0.599479372294 0.598688393322 0.604997544086 0.584100640492 0.578900958642 0.599463700467 0.320574808986 0.318841986587 0.323041284929 0.326873521890 0 0.324748446975 0.328295531776 0.324798721097 0.321449230618 0.329894414575 0.329157858859 0.321933453695 0.321743292828 0.332413076887 0.323135653409 0.332141768144
 0.425659899745 0.428635926901 0.429750791610 0.424874362494 0.427987749283 0.607939416383 0.604905580928 0.620950491825 0.619819999136 0.609191551419 0.612466355698 0.603535322943 0.604770518636 0.583721412310 0.589598094022 0.604761789703 0.607248081741 0.608394677579 0.606119092602 0.588935134727 0.606939603395 0.605006817447 0.611218732724 0.592299781954 0.587470604560 0.605562930729 0.321706716150 0.323538037611 0.327266468532 0.326516698652 0.324748446975 0 0.328897054313 0.328391639037 0.324861014817 0.330188301035 0.330937272962 0.325020298371 0.325376438370 0.335208215392 0.326141395051 0.335754703841
 0.429200164005 0.428656743308 0.429668726100 0.426978827663 0.430917406236 0.607817162409 0.605516976931 0.619083634516 0.621488081056 0.611521183738 0.611424619553 0.603783156410 0.604812390378 0.583087017278 0.589814530839 0.606250881012 0.608212222165 0.609703720681 0.607072426902 0.589357431389 0.606170413618 0.604665053955 0.610676901276 0.591690569373 0.587521687087 0.607171924520 0.326646150716 0.327899881161 0.328396308264 0.330683804676 0.328295531776 0.328897054313 0 0.331641875799 0.327170889769 0.333808293669 0.333961806181 0.328361470797 0.330596491677 0.339976202296 0.329090351969 0.337829490270
 0.426994635754 0.428435597356 0.429608132602 0.426687668547 0.429066113233 0.607955559486 0.604468847213 0.619334803463 0.622565198062 0.610454025810 0.611868311727 0.604246652735 0.605598866052 0.583279579141 0.589421512381 0.605442671416 0.607850086252 0.608354140263 0.606619673939 0.589726296406 0.606315277746 0.604930990989 0.612076128615 0.592051526849 0.587541235461 0.606438972906 0.325685592893 0.325697220813 0.325940438744 0.327188406692 0.324798721097 0.328391639037 0.331641875799 0 0.325191778199 0.330789236864 0.333250523369 0.326991541688 0.325191534552 0.337242045595 0.327276590086 0.336112074708
 0.423477748962 0.425745949392 0.426548004565 0.423281660500 0.426536266752 0.603457303929 0.600121621900 0.614383716696 0.615899096506 0.604892058247 0.605232420450 0.596912763292 0.599934487001 0.574850524645 0.582974114874 0.598547891918 0.601932794865 0.603331640654 0.600482353656 0.581569780746 0.601943412770 0.598453597529 0.605451741364 0.584274619688 0.580244988864 0.599709135358 0.319165155583 0.319309881551 0.321960223686 0.326395635907 0.321449230618 0.324861014817 0.327170889769 0.325191778199 0 0.328918912748 0.327006303058 0.320034792979 0.320554710502 0.333115402453 0.322858063996 0.333646998612
 0.427373185092 0.429018190493 0.431007323759 0.428699267785 0.431087694766 0.610528820919 0.607783947934 0.621246756573 0.623463360475 0.612929953010 0.614177042037 0.608507592491 0.609395264458 0.587118129233 0.594977296863 0.609675978443 0.611135926518 0.611792704633 0.609812782837 0.593367263711 0.609647995197 0.608356419274 0.615265123640 0.596727105579 0.592159825290 0.609648812726 0.329278057729 0.328529343855 0.332317253334 0.331509161230 0.329894414575 0.330188301035 0.333808293669 0.330789236864 0.328918912748 0 0.336917645253 0.329858764937 0.330581871423 0.337042807330 0.326858896827 0.336969459647
 0.428809854101 0.429436325345 0.432897992003 0.429868990280 0.431544990958 0.610693794714 0.607045393366 0.619740325734 0.621808418209 0.611668513778 0.614565305028 0.607075286097 0.608430565535 0.586878971821 0.593152804522 0.607376683199 0.610802920147 0.611697936394 0.610259085586 0.592066168538 0.609710600168 0.607792915285 0.614584558413 0.595349183917 0.591270072143 0.608691987187 0.327958235523 0.328999244222 0.330523066822 0.332072875697 0.329157858859 0.330937272962 0.333961806181 0.333250523369 0.327006303058 0.336917645253 0 0.327455200451 0.331414123560 0.338774551762 0.330069450451 0.338475485267
 0.424818343786 0.426982533892 0.427333252176 0.425040763031 0.426608460729 0.605980558596 0.602634236800 0.617619928820 0.617527291464 0.607953514930 0.607561629520 0.601580721997 0.602670150366 0.578680683809 0.586565505443 0.603169706076 0.604632006318 0.606774352140 0.604179939806 0.586562126202 0.605339299584 0.602624935342 0.609035713954 0.588515178422 0.583946333181 0.603396138996 0.323890960245 0.321792200402 0.325539123349 0.328766972558 0.321933453695 0.325020298371 0.328361470797 0.326991541688 0.320034792979 0.329858764937 0.327455200451 0 0.324368924082 0.332296417900 0.324749417422 0.332411847761
 0.424553909211 0.426791476049 0.427754676867 0.424649779503 0.426842179854 0.605685921167 0.604420614803 0.618260807232 0.619665476270 0.608009207293 0.609628277896 0.600853005937 0.603863138389 0.581057537349 0.587038063709 0.603634005489 0.605758754385 0.606175881719 0.604500985090 0.585919493324 0.605644462668 0.603086488116 0.609996100331 0.590043001993 0.584415434400 0.603108691906 0.320971500388 0.320793364162 0.322882477175 0.327625114908 0.321743292828 0.325376438370 0.330596491677 0.325191534552 0.320554710502 0.330581871423 0.331414123560 0.324368924082 0 0.334559449874 0.324728294583 0.333609048440
 0.431479999933 0.433851810912 0.435228640395 0.431543376531 0.435666206987 0.612510149122 0.609738427577 0.623781538958 0.625877780226 0.613892160335 0.616536691959 0.610785374034 0.613391592770 0.589719666413 0.596935651174 0.610950637611 0.614754483254 0.614608933247 0.613502991744 0.595723916243 0.612048782192 0.609999363175 0.616007243427 0.598209783350 0.593813204100 0.611396747686 0.330706861391 0.333622765190 0.332723925108 0.335361525357 0.332413076887 0.335208215392 0.339976202296 0.337242045595 0.333115402453 0.337042807330 0.338774551762 0.332296417900 0.334559449874 0 0.334040107254 0.342153528129
 0.426197245795 0.426292260724 0.429058242484 0.424881493821 0.428760580153 0.607318931264 0.603798761952 0.618404364918 0.619809036330 0.609740962742 0.610473447802 0.602339492669 0.605807139617 0.580966533677 0.589786666917 0.603658055550 0.606984912044 0.608332142347 0.606820450732 0.588341700765 0.605647241434 0.603863355075 0.609737318220 0.590052711236 0.586237027521 0.605041301977 0.324079286540 0.322890766641 0.324334717985 0.326893976280 0.323135653409 0.326141395051 0.329090351969 0.327276590086 0.322858063996 0.326858896827 0.330069450451 0.324749417422 0.324728294583 0.334040107254 0 0.332175717745
 0.430034777642 0.431618169029 0.432343814734 0.430589685611 0.433409137076 0.612037375439 0.609121229106 0.623610022031 0.624328589807 0.613733187293 0.617003174389 0.610057320248 0.611915653309 0.589727254844 0.597080819507 0.612230814230 0.615066566932 0.615529062604 0.612488935677 0.597301044339 0.612710350634 0.611383745436 0.617034995294 0.597973629124 0.595008377239 0.612700301262 0.332927684229 0.331906652118 0.332761340451 0.336351251544 0.332141768144 0.335754703841 0.337829490270 0.336112074708 0.333646998612 0.336969459647 0.338475485267 0.332411847761 0.333609048440 0.342153528129 0.332175717745 0
