 0 0.407931421786 0.375369612172 0.372365818633 0.385802211683 0.384258320926 0.373977367160 0.370314270710 0.453093815864 0.563564167814 0.573215379616 0.571102692863 0.564174039679 0.385592366758 0.374102299826 0.424172341999 0.379541943810 0.380593705402 0.424563656805 0.382984672972 0.370874752178 0.382363311307 0.366388258111 0.391588654325 0.617604937549
 0.407931421786 0 0.398487299371 0.395120187696 0.408427013764 0.406068637755 0.399477965369 0.394887072048 0.466601182472 0.579951247707 0.589232663186 0.587184719590 0.580649373582 0.393868953138 0.387314885834 0.423672861416 0.389395269249 0.386787735578 0.423366588419 0.390883816624 0.379119047479 0.390721163995 0.391289863952 0.417170662270 0.634712004373
 0.375369612172 0.398487299371 0 0.359470555532 0.372952594735 0.373802043864 0.363972822332 0.359933129676 0.444758400620 0.551615243746 0.561120189422 0.560042371081 0.551566662949 0.376047756190 0.364571393456 0.412309171334 0.369765155098 0.371164566465 0.413080077855 0.370508835757 0.358623803697 0.373257946864 0.353674588370 0.382622827613 0.605952966710
 0.372365818633 0.395120187696 0.359470555532 0 0.368456909277 0.369722356953 0.358920450130 0.354311084769 0.437532902427 0.546331633294 0.555448988430 0.554269741669 0.547231598231 0.369787228904 0.359281732788 0.408081700269 0.363240967988 0.363394471540 0.410789652349 0.366127371672 0.353217877274 0.368899934961 0.348963577677 0.378694656342 0.599754386107
 0.385802211683 0.408427013764 0.372952594735 0.368456909277 0 0.381004307895 0.374846523975 0.369734493433 0.451289199623 0.559060333111 0.568601719326 0.566202422056 0.559123079080 0.383606116823 0.373731902538 0.423322553198 0.377458608308 0.379191743015 0.420878857690 0.379680722571 0.369122107299 0.379763125240 0.364213837571 0.391409367963 0.612520507528
 0.384258320926 0.406068637755 0.373802043864 0.369722356953 0.381004307895 0 0.373989845708 0.369038940883 0.448693827475 0.557483593680 0.566442665360 0.565037847527 0.557067016648 0.382255071162 0.373492011019 0.418759575902 0.377184334066 0.377472643716 0.418225673838 0.378771528721 0.368443091426 0.379108340195 0.363623166723 0.390186803496 0.611741002412
 0.373977367160 0.399477965369 0.363972822332 0.358920450130 0.374846523975 0.373989845708 0 0.357418203403 0.443118364203 0.548174853296 0.557751200305 0.556851111658 0.549558275564 0.373644237749 0.362465190853 0.413327051618 0.368921621553 0.367937454879 0.414244367396 0.370693068244 0.357437056226 0.370754600635 0.351237812489 0.378131234492 0.602010156209
 0.370314270710 0.394887072048 0.359933129676 0.354311084769 0.369734493433 0.369038940883 0.357418203403 0 0.439106671375 0.547192668352 0.556812661861 0.555923596521 0.549537145142 0.370168666487 0.357288779708 0.410334636111 0.363508498483 0.363927120374 0.410550534963 0.366289680179 0.353537550488 0.367421531131 0.347895696219 0.375482337545 0.600708773905
 0.453093815864 0.466601182472 0.444758400620 0.437532902427 0.451289199623 0.448693827475 0.443118364203 0.439106671375 0 0.565266772942 0.573742444656 0.572863313632 0.566397222777 0.452178075148 0.444490956959 0.474799532301 0.447704632766 0.446594531345 0.474661285153 0.448547808023 0.438270027439 0.447491427206 0.437229899977 0.459973719442 0.619377962377
 0.563564167814 0.579951247707 0.551615243746 0.546331633294 0.559060333111 0.557483593680 0.548174853296 0.547192668352 0.565266772942 0 0.159843962442 0.162181801231 0.156663140307 0.557209042267 0.546565344669 0.591103072149 0.552997541651 0.552068713861 0.592297185699 0.553484802623 0.541604957414 0.551783136753 0.539615705707 0.562934956044 0.291272048490
 0.573215379616 0.589232663186 0.561120189422 0.555448988430 0.568601719326 0.566442665360 0.557751200305 0.556812661861 0.573742444656 0.159843962442 0 0.168933575491 0.164247534243 0.566077011833 0.555812998429 0.601851976035 0.562509365790 0.561931690479 0.601234992302 0.564099106363 0.551546785098 0.560503814292 0.550083258883 0.572592209600 0.299148339107
 0.571102692863 0.587184719590 0.560042371081 0.554269741669 0.566202422056 0.565037847527 0.556851111658 0.555923596521 0.572863313632 0.162181801231 0.168933575491 0 0.166997845047 0.565243414155 0.554152721182 0.598251142302 0.561577682657 0.560389956900 0.597940445757 0.562209340587 0.550030786914 0.559519505702 0.548934017011 0.572047967134 0.299960230113
 0.564174039679 0.580649373582 0.551566662949 0.547231598231 0.559123079080 0.557067016648 0.549558275564 0.549537145142 0.566397222777 0.156663140307 0.164247534243 0.166997845047 0 0.558203720441 0.547593877031 0.592736619482 0.554152322021 0.552874605594 0.592441708978 0.554903310275 0.541880142366 0.552506609059 0.541080652965 0.564677050360 0.295386643888
 0.385592366758 0.393868953138 0.376047756190 0.369787228904 0.383606116823 0.382255071162 0.373644237749 0.370168666487 0.452178075148 0.557209042267 0.566077011833 0.565243414155 0.558203720441 0 0.362183020948 0.408140169277 0.365429912810 0.367392677657 0.408458809368 0.361562217778 0.360133214765 0.367553549208 0.363324081156 0.392824542220 0.612114961384
 0.374102299826 0.387314885834 0.364571393456 0.359281732788 0.373731902538 0.373492011019 0.362465190853 0.357288779708 0.444490956959 0.546565344669 0.555812998429 0.554152721182 0.547593877031 0.362183020948 0 0.400211009494 0.354163470530 0.356969545795 0.401498243945 0.354100924237 0.344441391233 0.360103115079 0.350975080092 0.381010097123 0.599827438143
 0.424172341999 0.423672861416 0.412309171334 0.408081700269 0.423322553198 0.418759575902 0.413327051618 0.410334636111 0.474799532301 0.591103072149 0.601851976035 0.598251142302 0.592736619482 0.408140169277 0.400211009494 0 0.407506805550 0.403482258980 0.433038567288 0.406691511235 0.396353471127 0.405522443060 0.407218059025 0.433652756637 0.645684539804
 0.379541943810 0.389395269249 0.369765155098 0.363240967988 0.377458608308 0.377184334066 0.368921621553 0.363508498483 0.447704632766 0.552997541651 0.562509365790 0.561577682657 0.554152322021 0.365429912810 0.354163470530 0.407506805550 0 0.358912482625 0.401857977215 0.368131207143 0.350486445817 0.365153388321 0.358611996200 0.384538791714 0.607426502261
 0.380593705402 0.386787735578 0.371164566465 0.363394471540 0.379191743015 0.377472643716 0.367937454879 0.363927120374 0.446594531345 0.552068713861 0.561931690479 0.560389956900 0.552874605594 0.367392677657 0.356969545795 0.403482258980 0.358912482625 0 0.406227425931 0.362840528031 0.349940776627 0.360817613505 0.357060235720 0.386251953986 0.606503826493
 0.424563656805 0.423366588419 0.413080077855 0.410789652349 0.420878857690 0.418225673838 0.414244367396 0.410550534963 0.474661285153 0.592297185699 0.601234992302 0.597940445757 0.592441708978 0.408458809368 0.401498243945 0.433038567288 0.401857977215 0.406227425931 0 0.409466416360 0.394115476043 0.406511110061 0.406777146732 0.432660949650 0.645766045585
 0.382984672972 0.390883816624 0.370508835757 0.366127371672 0.379680722571 0.378771528721 0.370693068244 0.366289680179 0.448547808023 0.553484802623 0.564099106363 0.562209340587 0.554903310275 0.361562217778 0.354100924237 0.406691511235 0.368131207143 0.362840528031 0.409466416360 0 0.351052398035 0.362773358445 0.360373583107 0.389631276802 0.607520979276
 0.370874752178 0.379119047479 0.358623803697 0.353217877274 0.369122107299 0.368443091426 0.357437056226 0.353537550488 0.438270027439 0.541604957414 0.551546785098 0.550030786914 0.541880142366 0.360133214765 0.344441391233 0.396353471127 0.350486445817 0.349940776627 0.394115476043 0.351052398035 0 0.348195584177 0.348050970988 0.375963995857 0.595502185111
 0.382363311307 0.390721163995 0.373257946864 0.368899934961 0.379763125240 0.379108340195 0.370754600635 0.367421531131 0.447491427206 0.551783136753 0.560503814292 0.559519505702 0.552506609059 0.367553549208 0.360103115079 0.405522443060 0.365153388321 0.360817613505 0.406511110061 0.362773358445 0.348195584177 0 0.361223929895 0.387903810728 0.607783628543
 0.366388258111 0.391289863952 0.353674588370 0.348963577677 0.364213837571 0.363623166723 0.351237812489 0.347895696219 0.437229899977 0.539615705707 0.550083258883 0.548934017011 0.541080652965 0.363324081156 0.350975080092 0.407218059025 0.358611996200 0.357060235720 0.406777146732 0.360373583107 0.348050970988 0.361223929895 0 0.367116152218 0.592250760095
 0.391588654325 0.417170662270 0.382622827613 0.378694656342 0.391409367963 0.390186803496 0.378131234492 0.375482337545 0.459973719442 0.562934956044 0.572592209600 0.572047967134 0.564677050360 0.392824542220 0.381010097123 0.433652756637 0.384538791714 0.386251953986 0.432660949650 0.389631276802 0.375963995857 0.387903810728 0.367116152218 0 0.608818825827
 0.617604937549 0.634712004373 0.605952966710 0.599754386107 0.612520507528 0.611741002412 0.602010156209 0.600708773905 0.619377962377 0.291272048490 0.299148339107 0.299960230113 0.295386643888 0.612114961384 0.599827438143 0.645684539804 0.607426502261 0.606503826493 0.645766045585 0.607520979276 0.595502185111 0.607783628543 0.592250760095 0.608818825827 0
